[
            [-7, -6, -6, -6, -6, -6, -6, -6, -6, -6, -6, -6, -6, -5, -7, -6, -6, -6, -6, -6, -6, -6, -6, -6, -6, -6, -6, -5],
            [-4, 1, 1, 1, 1, 1, 1, 1, 1, 1, 1, 1, 1, -4, -4, 1, 1, 1, 1, 1, 1, 1, 1, 1, 1, 1, 1, -4],
            [-4, 1, -7, -6, -6, -5, 1, -7, -6, -6, -6, -5, 1, -4, -4, 1, -7, -6, -6, -6, -5, 1, -7, -6, -6, -5, 1, -4],
            [-4, 1, -4, 0, 0, -4, 1, -4, 0, 0, 0, -4, 1, -4, -4, 1, -4, 0, 0, 0, -4, 1, -4, 0, 0, -4, 1, -4],
            [-4, 1, -2, -6, -6, -3, 1, -2, -6, -6, -6, -3, 1, -2, -3, 1, -2, -6, -6, -6, -3, 1, -2, -6, -6, -3, 1, -4],
            [-4, 1, 1, 1, 1, 1, 1, 1, 1, 1, 1, 1, 1, 1, 1, 1, 1, 1, 1, 1, 1, 1, 1, 1, 1, 1, 1, -4],
            [-4, 1, -7, -6, -6, -5, 1, -7, -5, 1, -7, -6, -6, -6, -6, -6, -6, -5, 1, -7, -5, 1, -7, -6, -6, -5, 1, -4],
            [-4, 1, -2, -6, -6, -3, 1, -4, -4, 1, -2, -6, -6, -5, -7, -6, -6, -3, 1, -4, -4, 1, -2, -6, -6, -3, 1, -4],
            [-4, 1, 1, 1, 1, 1, 1, -4, -4, 1, 1, 1, 1, -4, -4, 1, 1, 1, 1, -4, -4, 1, 1, 1, 1, 1, 1, -4],
            [-2, -6, -6, -6, -6, -5, 1, -4, -2, -6, -6, -5, 0, -4, -4, 0, -7, -6, -6, -3, -4, 1, -7, -6, -6, -6, -6, -3],
            [0, 0, 0, 0, 0, -4, 1, -4, -7, -6, -6, -3, 0, -2, -3, 0, -2, -6, -6, -5, -4, 1, -4, 0, 0, 0, 0, 0],
            [0, 0, 0, 0, 0, -4, 1, -4, -4, 0, 0, 0, 0, 0, 0, 0, 0, 0, 0, -4, -4, 1, -4, 0, 0, 0, 0, 0],
            [0, 0, 0, 0, 0, -4, 1, -4, -4, 0, -7, -6, -6, 3, 3, -6, -6, -5, 0, -4, -4, 1, -4, 0, 0, 0, 0, 0],
            [-7, -6, -6, -6, -6, -3, 1, -2, -3, 0, -4, 0, 0, 0, 0, 0, 0, -4, 0, -2, -3, 1, -2, -6, -6, -6, -6, -5],
            [-4, 0, 0, 0, 0, 0, 1, 0, 0, 0, -4, 0, 0, 0, 0, 0, 0, -4, 0, 0, 0, 1, 0, 0, 0, 0, 0, -4],
            [-2, -6, -6, -6, -6, -5, 1, -7, -5, 0, -4, 0, 0, 0, 0, 0, 0, -4, 0, -7, -5, 1, -7, -6, -6, -6, -6, -3],
            [0, 0, 0, 0, 0, -4, 1, -4, -4, 0, -2, -6, -6, -6, -6, -6, -6, -3, 0, -4, -4, 1, -4, 0, 0, 0, 0, 0],
            [0, 0, 0, 0, 0, -4, 1, -4, -4, 0, 0, 0, 0, 0, 0, 0, 0, 0, 0, -4, -4, 1, -4, 0, 0, 0, 0, 0],
            [0, 0, 0, 0, 0, -4, 1, -4, -4, 0, -7, -6, -6, -6, -6, -6, -6, -5, 0, -4, -4, 1, -4, 0, 0, 0, 0, 0],
            [-7, -6, -6, -6, -6, -3, 1, -2, -3, 0, -2, -6, -6, -5, -7, -6, -6, -3, 0, -2, -3, 1, -2, -6, -6, -6, -6, -5],
            [-4, 1, 1, 1, 1, 1, 1, 1, 1, 1, 1, 1, 1, -4, -4, 1, 1, 1, 1, 1, 1, 1, 1, 1, 1, 1, 1, -4],
            [-4, 1, -7, -6, -6, -5, 1, -7, -6, -6, -6, -5, 1, -4, -4, 1, -7, -6, -6, -6, -5, 1, -7, -6, -6, -5, 1, -4],
            [-4, 1, -2, -6, -5, -4, 1, -2, -6, -6, -6, -3, 1, -2, -3, 1, -2, -6, -6, -6, -3, 1, -4, -7, -6, -3, 1, -4],
            [-4, 1, 1, 1, -4, -4, 1, 1, 1, 1, 1, 1, 1, 0, 0, 1, 1, 1, 1, 1, 1, 1, -4, -4, 1, 1, 1, -4],
            [-2, -6, -5, 1, -4, -4, 1, -7, -5, 1, -7, -6, -6, -6, -6, -6, -6, -5, 1, -7, -5, 1, -4, -4, 1, -7, -6, -3],
            [-7, -6, -3, 1, -2, -3, 1, -4, -4, 1, -2, -6, -6, -5, -7, -6, -6, -3, 1, -4, -4, 1, -2, -3, 1, -2, -6, -5],
            [-4, 1, 1, 1, 1, 1, 1, -4, -4, 1, 1, 1, 1, -4, -4, 1, 1, 1, 1, -4, -4, 1, 1, 1, 1, 1, 1, -4],
            [-4, 1, -7, -6, -6, -6, -6, -3, -2, -6, -6, -5, 1, -4, -4, 1, -7, -6, -6, -3, -2, -6, -6, -6, -6, -5, 1, -4],
            [-4, 1, -2, -6, -6, -6, -6, -6, -6, -6, -6, -3, 1, -2, -3, 1, -2, -6, -6, -6, -6, -6, -6, -6, -6, -3, 1, -4],
            [-4, 1, 1, 1, 1, 1, 1, 1, 1, 1, 1, 1, 1, 1, 1, 1, 1, 1, 1, 1, 1, 1, 1, 1, 1, 1, 1, -4],
            [-2, -6, -6, -6, -6, -6, -6, -6, -6, -6, -6, -6, -6, -6, -6, -6, -6, -6, -6, -6, -6, -6, -6, -6, -6, -6, -6, -3]
        ]